Waiting for new frame...
Frame Number: 239431
Process Rate: 0Hz

//第一帧时间是0
Timecode: 0h 0m 0s 0f 0sf False 0 0 0

Latency: 0.0073544s
  Data Delivered 0.0058286s
  Data Synchronized 0.0002377s
  Data Processed 0.0011916s
  Delivered To DataStream 9.65e-05s

Hardware Frame Number: 4390912
Subjects (1):
  Subject #0
    Name: ZED
    Root Segment: ZED
    Segments (1):
      Segment #0
        Name: ZED
        Parent: 
     Children (0):
        Static Translation: (0, 0, 0)
        Static Rotation Helical: (0, 0, 0)
        Static Rotation Matrix: (0, 0, 0, 0, 0, 0, 0, 0, 0)
        Static Rotation Quaternion: (0, 0, 0, 0)
        Static Rotation EulerXYZ: (0, 0, 0)
        Global Translation: (0, 0, 0) True
        Global Rotation Helical: (0, 0, 0) True
        Global Rotation Matrix: (0, 0, 0, 0, 0, 0, 0, 0, 0) True
        Global Rotation Quaternion: (0, 0, 0, 0) True
        Global Rotation EulerXYZ: (0, 0, 0) True
        Local Translation: (0, 0, 0) True
        Local Rotation Helical: (0, 0, 0) True
        Local Rotation Matrix: (0, 0, 0, 0, 0, 0, 0, 0, 0) True
        Local Rotation Quaternion: (0, 0, 0, 0) True
        Local Rotation EulerXYZ: (0, 0, 0) True
    Quality: 1.76132
    Markers (5):
      Marker #0: ZED1 (0, 0, 0) True
      Marker #1: ZED2 (0, 0, 0) True
      Marker #2: ZED3 (0, 0, 0) True
      Marker #3: ZED4 (0, 0, 0) True
      Marker #4: ZED5 (0, 0, 0) True
    Unlabeled Markers (0):
  Devices (0):
Waiting for new frame...
Frame Number: 239917
Process Rate: 300Hz

Timecode: 0h 0m 0s 0f 0sf False 0 0 0

Latency: 0.0073801s
  Data Delivered 0.0058853s
  Data Synchronized 0.0002228s
  Data Processed 0.0011654s
  Delivered To DataStream 0.0001066s

Hardware Frame Number: 240381
Subjects (1):
  Subject #0
    Name: ZED
    Root Segment: ZED
    Segments (1):
      Segment #0
        Name: ZED
        Parent: 
     Children (0):
        Static Translation: (0, 0, 0)
        Static Rotation Helical: (0, 0, 0)
        Static Rotation Matrix: (1, 0, 0, 0, 1, 0, 0, 0, 1)
        Static Rotation Quaternion: (0, 0, 0, 1)
        Static Rotation EulerXYZ: (-0, 0, -0)
        Global Translation: (273.524, 2422.53, 826.45) False
        Global Rotation Helical: (-0.0542937, -0.0637573, 0.949216) False
        Global Rotation Matrix: (0.580685, -0.810343, -0.0784136, 0.813551, 0.581203, 0.0184039, 0.0306607, -0.0744803, 0.996751) False
        Global Rotation Quaternion: (-0.0261314, -0.0306861, 0.456854, 0.888628) False
        Global Rotation EulerXYZ: (-0.0184618, -0.0784942, 0.949022) False
        Local Translation: (273.524, 2422.53, 826.45) False
        Local Rotation Helical: (-0.0542937, -0.0637573, 0.949216) False
        Local Rotation Matrix: (0.580685, -0.810343, -0.0784136, 0.813551, 0.581203, 0.0184039, 0.0306607, -0.0744803, 0.996751) False
        Local Rotation Quaternion: (-0.0261314, -0.0306861, 0.456854, 0.888628) False
        Local Rotation EulerXYZ: (-0.0184618, -0.0784942, 0.949022) False
    Quality: 1.6801
    Markers (5):
      Marker #0: ZED1 (259.66, 2456.83, 804.034) False
      Marker #1: ZED2 (308.785, 2491.53, 840.798) False
      Marker #2: ZED3 (275.76, 2422.48, 841.841) False
      Marker #3: ZED4 (277.751, 2353.2, 841.584) False
      Marker #4: ZED5 (245.664, 2388.59, 803.995) False
    Unlabeled Markers (0):
  Devices (0):
Waiting for new frame...
Frame Number: 239918
Process Rate: 300Hz

Timecode: 0h 0m 0s 0f 0sf False 0 0 0

Latency: 0.0081234s
  Data Delivered 0.0058859s
  Data Synchronized 0.0002103s
  Data Processed 0.0016506s
  Delivered To DataStream 0.0003766s

Hardware Frame Number: 240382
Subjects (1):
  Subject #0
    Name: ZED
    Root Segment: ZED
    Segments (1):
      Segment #0
        Name: ZED
        Parent: 
     Children (0):
        Static Translation: (0, 0, 0)
        Static Rotation Helical: (0, 0, 0)
        Static Rotation Matrix: (1, 0, 0, 0, 1, 0, 0, 0, 1)
        Static Rotation Quaternion: (0, 0, 0, 1)
        Static Rotation EulerXYZ: (-0, 0, -0)
        Global Translation: (273.558, 2422.56, 826.444) False
        Global Rotation Helical: (-0.0534254, -0.0626039, 0.949359) False
        Global Rotation Matrix: (0.580628, -0.810515, -0.0770483, 0.813614, 0.581122, 0.0181641, 0.0300521, -0.0732342, 0.996862) False
        Global Rotation Quaternion: (-0.0257134, -0.030131, 0.456922, 0.888624) False
        Global Rotation EulerXYZ: (-0.0182193, -0.0771248, 0.949168) False
        Local Translation: (273.558, 2422.56, 826.444) False
        Local Rotation Helical: (-0.0534254, -0.0626039, 0.949359) False
        Local Rotation Matrix: (0.580628, -0.810515, -0.0770483, 0.813614, 0.581122, 0.0181641, 0.0300521, -0.0732342, 0.996862) False
        Local Rotation Quaternion: (-0.0257134, -0.030131, 0.456922, 0.888624) False
        Local Rotation EulerXYZ: (-0.0182193, -0.0771248, 0.949168) False
    Quality: 1.70708
    Markers (5):
      Marker #0: ZED1 (259.659, 2456.87, 804.054) False
      Marker #1: ZED2 (308.83, 2491.56, 840.759) False
      Marker #2: ZED3 (275.815, 2422.5, 841.831) False
      Marker #3: ZED4 (277.814, 2353.23, 841.556) False
      Marker #4: ZED5 (245.671, 2388.62, 804.018) False
    Unlabeled Markers (0):
  Devices (0):
Waiting for new frame...
Frame Number: 239919
Process Rate: 300Hz

Timecode: 0h 0m 0s 0f 0sf False 0 0 0

Latency: 0.0073997s
  Data Delivered 0.0058726s
  Data Synchronized 0.0002368s
  Data Processed 0.0011683s
  Delivered To DataStream 0.000122s

Hardware Frame Number: 240383
Subjects (1):
  Subject #0
    Name: ZED
    Root Segment: ZED
    Segments (1):
      Segment #0
        Name: ZED
        Parent: 
     Children (0):
        Static Translation: (0, 0, 0)
        Static Rotation Helical: (0, 0, 0)
        Static Rotation Matrix: (1, 0, 0, 0, 1, 0, 0, 0, 1)
        Static Rotation Quaternion: (0, 0, 0, 1)
        Static Rotation EulerXYZ: (-0, 0, -0)
        Global Translation: (273.58, 2422.57, 826.446) False
        Global Rotation Helical: (-0.0533313, -0.0623313, 0.949104) False
        Global Rotation Matrix: (0.580849, -0.810383, -0.0767735, 0.813463, 0.581331, 0.0182139, 0.0298707, -0.073032, 0.996882) False
        Global Rotation Quaternion: (-0.0256687, -0.0300005, 0.45681, 0.888688) False
        Global Rotation EulerXYZ: (-0.0182688, -0.0768492, 0.948911) False
        Local Translation: (273.58, 2422.57, 826.446) False
        Local Rotation Helical: (-0.0533313, -0.0623313, 0.949104) False
        Local Rotation Matrix: (0.580849, -0.810383, -0.0767735, 0.813463, 0.581331, 0.0182139, 0.0298707, -0.073032, 0.996882) False
        Local Rotation Quaternion: (-0.0256687, -0.0300005, 0.45681, 0.888688) False
        Local Rotation EulerXYZ: (-0.0182688, -0.0768492, 0.948911) False
    Quality: 1.64843
    Markers (5):
      Marker #0: ZED1 (259.684, 2456.89, 804.059) False
      Marker #1: ZED2 (308.875, 2491.57, 840.75) False
      Marker #2: ZED3 (275.842, 2422.52, 841.833) False
      Marker #3: ZED4 (277.822, 2353.25, 841.559) False
      Marker #4: ZED5 (245.679, 2388.65, 804.029) False
    Unlabeled Markers (0):
  Devices (0):
Waiting for new frame...
Frame Number: 239920
Process Rate: 300Hz

Timecode: 0h 0m 0s 0f 0sf False 0 0 0

Latency: 0.0073065s
  Data Delivered 0.0058174s
  Data Synchronized 0.0002325s
  Data Processed 0.0011459s
  Delivered To DataStream 0.0001107s

Hardware Frame Number: 240384
Subjects (1):
  Subject #0
    Name: ZED
    Root Segment: ZED
    Segments (1):
      Segment #0
        Name: ZED
        Parent: 
     Children (0):
        Static Translation: (0, 0, 0)
        Static Rotation Helical: (0, 0, 0)
        Static Rotation Matrix: (1, 0, 0, 0, 1, 0, 0, 0, 1)
        Static Rotation Quaternion: (0, 0, 0, 1)
        Static Rotation EulerXYZ: (-0, 0, -0)
        Global Translation: (273.542, 2422.56, 826.456) False
        Global Rotation Helical: (-0.0541763, -0.0637386, 0.949398) False
        Global Rotation Matrix: (0.580538, -0.810455, -0.0783466, 0.813655, 0.58106, 0.0183044, 0.0306892, -0.0743735, 0.996758) False
        Global Rotation Quaternion: (-0.0260745, -0.0306767, 0.456936, 0.888588) False
        Global Rotation EulerXYZ: (-0.0183618, -0.078427, 0.949207) False
        Local Translation: (273.542, 2422.56, 826.456) False
        Local Rotation Helical: (-0.0541763, -0.0637386, 0.949398) False
        Local Rotation Matrix: (0.580538, -0.810455, -0.0783466, 0.813655, 0.58106, 0.0183044, 0.0306892, -0.0743735, 0.996758) False
        Local Rotation Quaternion: (-0.0260745, -0.0306767, 0.456936, 0.888588) False
        Local Rotation EulerXYZ: (-0.0183618, -0.078427, 0.949207) False
    Quality: 1.71551
    Markers (5):
      Marker #0: ZED1 (259.67, 2456.87, 804.043) False
      Marker #1: ZED2 (308.792, 2491.57, 840.807) False
      Marker #2: ZED3 (275.78, 2422.51, 841.846) False
      Marker #3: ZED4 (277.783, 2353.24, 841.583) False
      Marker #4: ZED5 (245.687, 2388.62, 803.999) False
    Unlabeled Markers (0):
  Devices (0):
Waiting for new frame...
Frame Number: 239921
Process Rate: 300Hz

Timecode: 0h 0m 0s 0f 0sf False 0 0 0

Latency: 0.0072738s
  Data Delivered 0.0058069s
  Data Synchronized 0.0002245s
  Data Processed 0.0011326s
  Delivered To DataStream 0.0001098s

Hardware Frame Number: 240385
Subjects (1):
  Subject #0
    Name: ZED
    Root Segment: ZED
    Segments (1):
      Segment #0
        Name: ZED
        Parent: 
     Children (0):
        Static Translation: (0, 0, 0)
        Static Rotation Helical: (0, 0, 0)
        Static Rotation Matrix: (1, 0, 0, 0, 1, 0, 0, 0, 1)
        Static Rotation Quaternion: (0, 0, 0, 1)
        Static Rotation EulerXYZ: (-0, 0, -0)
        Global Translation: (273.535, 2422.46, 826.471) False
        Global Rotation Helical: (-0.0528854, -0.0622673, 0.949357) False
        Global Rotation Matrix: (0.580646, -0.810552, -0.076524, 0.813603, 0.581146, 0.0178509, 0.0300026, -0.0726252, 0.996908) False
        Global Rotation Quaternion: (-0.0254536, -0.0299691, 0.456923, 0.888637) False
        Global Rotation EulerXYZ: (-0.0179043, -0.0765989, 0.949176) False
        Local Translation: (273.535, 2422.46, 826.471) False
        Local Rotation Helical: (-0.0528854, -0.0622673, 0.949357) False
        Local Rotation Matrix: (0.580646, -0.810552, -0.076524, 0.813603, 0.581146, 0.0178509, 0.0300026, -0.0726252, 0.996908) False
        Local Rotation Quaternion: (-0.0254536, -0.0299691, 0.456923, 0.888637) False
        Local Rotation EulerXYZ: (-0.0179043, -0.0765989, 0.949176) False
    Quality: 1.7019
    Markers (5):
      Marker #0: ZED1 (259.624, 2456.78, 804.099) False
      Marker #1: ZED2 (308.815, 2491.46, 840.79) False
      Marker #2: ZED3 (275.801, 2422.41, 841.857) False
      Marker #3: ZED4 (277.799, 2353.13, 841.559) False
      Marker #4: ZED5 (245.637, 2388.54, 804.05) False
    Unlabeled Markers (0):
  Devices (0):
Waiting for new frame...
Frame Number: 239922
Process Rate: 300Hz

Timecode: 0h 0m 0s 0f 0sf False 0 0 0

Latency: 0.0075421s
  Data Delivered 0.0058975s
  Data Synchronized 0.0002264s
  Data Processed 0.001267s
  Delivered To DataStream 0.0001512s

Hardware Frame Number: 240386
Subjects (1):
  Subject #0
    Name: ZED
    Root Segment: ZED
    Segments (1):
      Segment #0
        Name: ZED
        Parent: 
     Children (0):
        Static Translation: (0, 0, 0)
        Static Rotation Helical: (0, 0, 0)
        Static Rotation Matrix: (1, 0, 0, 0, 1, 0, 0, 0, 1)
        Static Rotation Quaternion: (0, 0, 0, 1)
        Static Rotation EulerXYZ: (-0, 0, -0)
        Global Translation: (273.515, 2422.55, 826.466) False
        Global Rotation Helical: (-0.0535477, -0.0624705, 0.949588) False
        Global Rotation Matrix: (0.58045, -0.810648, -0.0769888, 0.813748, 0.580929, 0.0183182, 0.0298754, -0.0732822, 0.996864) False
        Global Rotation Quaternion: (-0.0257718, -0.0300662, 0.457024, 0.888572) False
        Global Rotation EulerXYZ: (-0.0183738, -0.077065, 0.949392) False
        Local Translation: (273.515, 2422.55, 826.466) False
        Local Rotation Helical: (-0.0535477, -0.0624705, 0.949588) False
        Local Rotation Matrix: (0.58045, -0.810648, -0.0769888, 0.813748, 0.580929, 0.0183182, 0.0298754, -0.0732822, 0.996864) False
        Local Rotation Quaternion: (-0.0257718, -0.0300662, 0.457024, 0.888572) False
        Local Rotation EulerXYZ: (-0.0183738, -0.077065, 0.949392) False
    Quality: 1.78885
    Markers (5):
      Marker #0: ZED1 (259.607, 2456.85, 804.072) False
      Marker #1: ZED2 (308.773, 2491.56, 840.768) False
      Marker #2: ZED3 (275.773, 2422.5, 841.854) False
      Marker #3: ZED4 (277.787, 2353.23, 841.59) False
      Marker #4: ZED5 (245.634, 2388.6, 804.049) False
    Unlabeled Markers (0):
  Devices (0):
Waiting for new frame...
Frame Number: 239923
Process Rate: 300Hz

Timecode: 0h 0m 0s 0f 0sf False 0 0 0

Latency: 0.0080791s
  Data Delivered 0.0059347s
  Data Synchronized 0.000343s
  Data Processed 0.0016546s
  Delivered To DataStream 0.0001468s

Hardware Frame Number: 240387
Subjects (1):
  Subject #0
    Name: ZED
    Root Segment: ZED
    Segments (1):
      Segment #0
        Name: ZED
        Parent: 
     Children (0):
        Static Translation: (0, 0, 0)
        Static Rotation Helical: (0, 0, 0)
        Static Rotation Matrix: (1, 0, 0, 0, 1, 0, 0, 0, 1)
        Static Rotation Quaternion: (0, 0, 0, 1)
        Static Rotation EulerXYZ: (-0, 0, -0)
        Global Translation: (273.549, 2422.5, 826.481) False
        Global Rotation Helical: (-0.0537227, -0.0628105, 0.948907) False
        Global Rotation Matrix: (0.580985, -0.81023, -0.0773538, 0.813357, 0.581475, 0.0183453, 0.0301154, -0.0735746, 0.996835) False
        Global Rotation Quaternion: (-0.0258574, -0.0302314, 0.456721, 0.88872) False
        Global Rotation EulerXYZ: (-0.0184015, -0.0774311, 0.948711) False
        Local Translation: (273.549, 2422.5, 826.481) False
        Local Rotation Helical: (-0.0537227, -0.0628105, 0.948907) False
        Local Rotation Matrix: (0.580985, -0.81023, -0.0773538, 0.813357, 0.581475, 0.0183453, 0.0301154, -0.0735746, 0.996835) False
        Local Rotation Quaternion: (-0.0258574, -0.0302314, 0.456721, 0.88872) False
        Local Rotation EulerXYZ: (-0.0184015, -0.0774311, 0.948711) False
    Quality: 1.83386
    Markers (5):
      Marker #0: ZED1 (259.672, 2456.81, 804.082) False
      Marker #1: ZED2 (308.848, 2491.49, 840.798) False
      Marker #2: ZED3 (275.801, 2422.45, 841.869) False
      Marker #3: ZED4 (277.769, 2353.17, 841.605) False
      Marker #4: ZED5 (245.654, 2388.57, 804.052) False
    Unlabeled Markers (0):
  Devices (0):
Waiting for new frame...
Frame Number: 239924
Process Rate: 300Hz

Timecode: 0h 0m 0s 0f 0sf False 0 0 0

Latency: 0.0073939s
  Data Delivered 0.0058574s
  Data Synchronized 0.0002023s
  Data Processed 0.0012161s
  Delivered To DataStream 0.0001181s

Hardware Frame Number: 240388
Subjects (1):
  Subject #0
    Name: ZED
    Root Segment: ZED
    Segments (1):
      Segment #0
        Name: ZED
        Parent: 
     Children (0):
        Static Translation: (0, 0, 0)
        Static Rotation Helical: (0, 0, 0)
        Static Rotation Matrix: (1, 0, 0, 0, 1, 0, 0, 0, 1)
        Static Rotation Quaternion: (0, 0, 0, 1)
        Static Rotation EulerXYZ: (-0, 0, -0)
        Global Translation: (273.552, 2422.59, 826.433) False
        Global Rotation Helical: (-0.0537273, -0.0625851, 0.949326) False
        Global Rotation Matrix: (0.580657, -0.810483, -0.0771646, 0.813599, 0.581135, 0.0184318, 0.0299044, -0.0734836, 0.996848) False
        Global Rotation Quaternion: (-0.0258588, -0.030122, 0.456907, 0.888628) False
        Global Rotation EulerXYZ: (-0.018488, -0.0772414, 0.949126) False
        Local Translation: (273.552, 2422.59, 826.433) False
        Local Rotation Helical: (-0.0537273, -0.0625851, 0.949326) False
        Local Rotation Matrix: (0.580657, -0.810483, -0.0771646, 0.813599, 0.581135, 0.0184318, 0.0299044, -0.0734836, 0.996848) False
        Local Rotation Quaternion: (-0.0258588, -0.030122, 0.456907, 0.888628) False
        Local Rotation EulerXYZ: (-0.018488, -0.0772414, 0.949126) False
    Quality: 1.77212
    Markers (5):
      Marker #0: ZED1 (259.657, 2456.9, 804.033) False
      Marker #1: ZED2 (308.826, 2491.6, 840.735) False
      Marker #2: ZED3 (275.808, 2422.54, 841.821) False
      Marker #3: ZED4 (277.803, 2353.27, 841.564) False
      Marker #4: ZED5 (245.667, 2388.65, 804.014) False
    Unlabeled Markers (0):
  Devices (0):
Waiting for new frame...
Frame Number: 239925
Process Rate: 300Hz

Timecode: 0h 0m 0s 0f 0sf False 0 0 0

Latency: 0.0072834s
  Data Delivered 0.0058079s
  Data Synchronized 0.0002102s
  Data Processed 0.0011474s
  Delivered To DataStream 0.0001179s

Hardware Frame Number: 240389
Subjects (1):
  Subject #0
    Name: ZED
    Root Segment: ZED
    Segments (1):
      Segment #0
        Name: ZED
        Parent: 
     Children (0):
        Static Translation: (0, 0, 0)
        Static Rotation Helical: (0, 0, 0)
        Static Rotation Matrix: (1, 0, 0, 0, 1, 0, 0, 0, 1)
        Static Rotation Quaternion: (0, 0, 0, 1)
        Static Rotation EulerXYZ: (-0, 0, -0)
        Global Translation: (273.54, 2422.5, 826.473) False
        Global Rotation Helical: (-0.0540996, -0.0633038, 0.94863) False
        Global Rotation Matrix: (0.581184, -0.810031, -0.0779395, 0.813204, 0.581685, 0.0184615, 0.0303819, -0.0741103, 0.996787) False
        Global Rotation Quaternion: (-0.0260393, -0.0304694, 0.456595, 0.888771) False
        Global Rotation EulerXYZ: (-0.0185189, -0.0780186, 0.948432) False
        Local Translation: (273.54, 2422.5, 826.473) False
        Local Rotation Helical: (-0.0540996, -0.0633038, 0.94863) False
        Local Rotation Matrix: (0.581184, -0.810031, -0.0779395, 0.813204, 0.581685, 0.0184615, 0.0303819, -0.0741103, 0.996787) False
        Local Rotation Quaternion: (-0.0260393, -0.0304694, 0.456595, 0.888771) False
        Local Rotation EulerXYZ: (-0.0185189, -0.0780186, 0.948432) False
    Quality: 1.65102
    Markers (5):
      Marker #0: ZED1 (259.686, 2456.82, 804.063) False
      Marker #1: ZED2 (308.849, 2491.48, 840.804) False
      Marker #2: ZED3 (275.784, 2422.45, 841.863) False
      Marker #3: ZED4 (277.733, 2353.18, 841.606) False
      Marker #4: ZED5 (245.65, 2388.58, 804.031) False
    Unlabeled Markers (0):
  Devices (0):
Waiting for new frame...
Frame Number: 239926
Process Rate: 300Hz

Timecode: 0h 0m 0s 0f 0sf False 0 0 0

Latency: 0.0073118s
  Data Delivered 0.0058625s
  Data Synchronized 0.0002255s
  Data Processed 0.0011102s
  Delivered To DataStream 0.0001136s

Hardware Frame Number: 240390
Subjects (1):
  Subject #0
    Name: ZED
    Root Segment: ZED
    Segments (1):
      Segment #0
        Name: ZED
        Parent: 
     Children (0):
        Static Translation: (0, 0, 0)
        Static Rotation Helical: (0, 0, 0)
        Static Rotation Matrix: (1, 0, 0, 0, 1, 0, 0, 0, 1)
        Static Rotation Quaternion: (0, 0, 0, 1)
        Static Rotation EulerXYZ: (-0, 0, -0)
        Global Translation: (273.527, 2422.51, 826.461) False
        Global Rotation Helical: (-0.0545825, -0.0632592, 0.948727) False
        Global Rotation Matrix: (0.581111, -0.810067, -0.0781134, 0.813267, 0.581584, 0.01889, 0.0301273, -0.0745042, 0.996766) False
        Global Rotation Quaternion: (-0.0262714, -0.0304477, 0.456637, 0.888744) False
        Global Rotation EulerXYZ: (-0.0189491, -0.078193, 0.948513) False
        Local Translation: (273.527, 2422.51, 826.461) False
        Local Rotation Helical: (-0.0545825, -0.0632592, 0.948727) False
        Local Rotation Matrix: (0.581111, -0.810067, -0.0781134, 0.813267, 0.581584, 0.01889, 0.0301273, -0.0745042, 0.996766) False
        Local Rotation Quaternion: (-0.0262714, -0.0304477, 0.456637, 0.888744) False
        Local Rotation EulerXYZ: (-0.0189491, -0.078193, 0.948513) False
    Quality: 1.67042
    Markers (5):
      Marker #0: ZED1 (259.674, 2456.81, 804.034) False
      Marker #1: ZED2 (308.828, 2491.5, 840.768) False
      Marker #2: ZED3 (275.768, 2422.47, 841.851) False
      Marker #3: ZED4 (277.722, 2353.19, 841.625) False
      Marker #4: ZED5 (245.643, 2388.58, 804.029) False
    Unlabeled Markers (0):
  Devices (0):
Waiting for new frame...
Frame Number: 239927
Process Rate: 300Hz

Timecode: 0h 0m 0s 0f 0sf False 0 0 0

Latency: 0.0075959s
  Data Delivered 0.0058908s
  Data Synchronized 0.0002586s
  Data Processed 0.0013088s
  Delivered To DataStream 0.0001377s

Hardware Frame Number: 240391
Subjects (1):
  Subject #0
    Name: ZED
    Root Segment: ZED
    Segments (1):
      Segment #0
        Name: ZED
        Parent: 
     Children (0):
        Static Translation: (0, 0, 0)
        Static Rotation Helical: (0, 0, 0)
        Static Rotation Matrix: (1, 0, 0, 0, 1, 0, 0, 0, 1)
        Static Rotation Quaternion: (0, 0, 0, 1)
        Static Rotation EulerXYZ: (-0, 0, -0)
        Global Translation: (273.561, 2422.52, 826.459) False
        Global Rotation Helical: (-0.0532301, -0.062798, 0.949446) False
        Global Rotation Matrix: (0.580546, -0.810566, -0.0771287, 0.813664, 0.58106, 0.0179081, 0.0303007, -0.0731533, 0.99686) False
        Global Rotation Quaternion: (-0.0256193, -0.0302242, 0.456961, 0.888604) False
        Global Rotation EulerXYZ: (-0.0179626, -0.0772054, 0.949265) False
        Local Translation: (273.561, 2422.52, 826.459) False
        Local Rotation Helical: (-0.0532301, -0.062798, 0.949446) False
        Local Rotation Matrix: (0.580546, -0.810566, -0.0771287, 0.813664, 0.58106, 0.0179081, 0.0303007, -0.0731533, 0.99686) False
        Local Rotation Quaternion: (-0.0256193, -0.0302242, 0.456961, 0.888604) False
        Local Rotation EulerXYZ: (-0.0179626, -0.0772054, 0.949265) False
    Quality: 1.79329
    Markers (5):
      Marker #0: ZED1 (259.66, 2456.84, 804.077) False
      Marker #1: ZED2 (308.826, 2491.52, 840.795) False
      Marker #2: ZED3 (275.817, 2422.46, 841.847) False
      Marker #3: ZED4 (277.823, 2353.19, 841.554) False
      Marker #4: ZED5 (245.679, 2388.59, 804.023) False
    Unlabeled Markers (0):
  Devices (0):
Waiting for new frame...
Frame Number: 239928
Process Rate: 300Hz

Timecode: 0h 0m 0s 0f 0sf False 0 0 0

Latency: 0.0079621s
  Data Delivered 0.0059181s
  Data Synchronized 0.0003452s
  Data Processed 0.0015623s
  Delivered To DataStream 0.0001365s

Hardware Frame Number: 240392
Subjects (1):
  Subject #0
    Name: ZED
    Root Segment: ZED
    Segments (1):
      Segment #0
        Name: ZED
        Parent: 
     Children (0):
        Static Translation: (0, 0, 0)
        Static Rotation Helical: (0, 0, 0)
        Static Rotation Matrix: (1, 0, 0, 0, 1, 0, 0, 0, 1)
        Static Rotation Quaternion: (0, 0, 0, 1)
        Static Rotation EulerXYZ: (-0, 0, -0)
        Global Translation: (273.521, 2422.49, 826.484) False
        Global Rotation Helical: (-0.053814, -0.0630688, 0.949667) False
        Global Rotation Matrix: (0.580354, -0.810657, -0.0776167, 0.813802, 0.580855, 0.018279, 0.0302661, -0.0737728, 0.996816) False
        Global Rotation Quaternion: (-0.0258997, -0.0303539, 0.457058, 0.888542) False
        Global Rotation EulerXYZ: (-0.0183353, -0.0776948, 0.949475) False
        Local Translation: (273.521, 2422.49, 826.484) False
        Local Rotation Helical: (-0.053814, -0.0630688, 0.949667) False
        Local Rotation Matrix: (0.580354, -0.810657, -0.0776167, 0.813802, 0.580855, 0.018279, 0.0302661, -0.0737728, 0.996816) False
        Local Rotation Quaternion: (-0.0258997, -0.0303539, 0.457058, 0.888542) False
        Local Rotation EulerXYZ: (-0.0183353, -0.0776948, 0.949475) False
    Quality: 1.75433
    Markers (5):
      Marker #0: ZED1 (259.623, 2456.8, 804.082) False
      Marker #1: ZED2 (308.763, 2491.51, 840.81) False
      Marker #2: ZED3 (275.769, 2422.44, 841.873) False
      Marker #3: ZED4 (277.79, 2353.17, 841.608) False
      Marker #4: ZED5 (245.657, 2388.55, 804.048) False
    Unlabeled Markers (0):
  Devices (0):
Waiting for new frame...
Frame Number: 239929
Process Rate: 300Hz

Timecode: 0h 0m 0s 0f 0sf False 0 0 0

Latency: 0.0074561s
  Data Delivered 0.0058441s
  Data Synchronized 0.0002269s
  Data Processed 0.0012663s
  Delivered To DataStream 0.0001188s

Hardware Frame Number: 240393
Subjects (1):
  Subject #0
    Name: ZED
    Root Segment: ZED
    Segments (1):
      Segment #0
        Name: ZED
        Parent: 
     Children (0):
        Static Translation: (0, 0, 0)
        Static Rotation Helical: (0, 0, 0)
        Static Rotation Matrix: (1, 0, 0, 0, 1, 0, 0, 0, 1)
        Static Rotation Quaternion: (0, 0, 0, 1)
        Static Rotation EulerXYZ: (-0, 0, -0)
        Global Translation: (273.532, 2422.55, 826.44) False
        Global Rotation Helical: (-0.0539425, -0.0627648, 0.949559) False
        Global Rotation Matrix: (0.580459, -0.810601, -0.0774131, 0.813738, 0.580936, 0.0185271, 0.0299539, -0.0737483, 0.996827) False
        Global Rotation Quaternion: (-0.0259618, -0.0302079, 0.45701, 0.888569) False
        Global Rotation EulerXYZ: (-0.018584, -0.0774907, 0.949357) False
        Local Translation: (273.532, 2422.55, 826.44) False
        Local Rotation Helical: (-0.0539425, -0.0627648, 0.949559) False
        Local Rotation Matrix: (0.580459, -0.810601, -0.0774131, 0.813738, 0.580936, 0.0185271, 0.0299539, -0.0737483, 0.996827) False
        Local Rotation Quaternion: (-0.0259618, -0.0302079, 0.45701, 0.888569) False
        Local Rotation EulerXYZ: (-0.018584, -0.0774907, 0.949357) False
    Quality: 1.73783
    Markers (5):
      Marker #0: ZED1 (259.634, 2456.84, 804.033) False
      Marker #1: ZED2 (308.786, 2491.56, 840.742) False
      Marker #2: ZED3 (275.784, 2422.5, 841.829) False
      Marker #3: ZED4 (277.796, 2353.23, 841.58) False
      Marker #4: ZED5 (245.66, 2388.6, 804.018) False
    Unlabeled Markers (0):
  Devices (0):
Waiting for new frame...
Frame Number: 239930
Process Rate: 300Hz

Timecode: 0h 0m 0s 0f 0sf False 0 0 0

Latency: 0.007465s
  Data Delivered 0.0057844s
  Data Synchronized 0.0001853s
  Data Processed 0.0013757s
  Delivered To DataStream 0.0001196s

Hardware Frame Number: 240394
Subjects (1):
  Subject #0
    Name: ZED
    Root Segment: ZED
    Segments (1):
      Segment #0
        Name: ZED
        Parent: 
     Children (0):
        Static Translation: (0, 0, 0)
        Static Rotation Helical: (0, 0, 0)
        Static Rotation Matrix: (1, 0, 0, 0, 1, 0, 0, 0, 1)
        Static Rotation Quaternion: (0, 0, 0, 1)
        Static Rotation EulerXYZ: (-0, 0, -0)
        Global Translation: (273.553, 2422.59, 826.447) False
        Global Rotation Helical: (-0.054287, -0.0636814, 0.949449) False
        Global Rotation Matrix: (0.5805, -0.810482, -0.0783465, 0.813685, 0.581014, 0.0184222, 0.0305895, -0.0744435, 0.996756) False
        Global Rotation Quaternion: (-0.0261277, -0.0306491, 0.456958, 0.888576) False
        Global Rotation EulerXYZ: (-0.01848, -0.0784269, 0.949254) False
        Local Translation: (273.553, 2422.59, 826.447) False
        Local Rotation Helical: (-0.054287, -0.0636814, 0.949449) False
        Local Rotation Matrix: (0.5805, -0.810482, -0.0783465, 0.813685, 0.581014, 0.0184222, 0.0305895, -0.0744435, 0.996756) False
        Local Rotation Quaternion: (-0.0261277, -0.0306491, 0.456958, 0.888576) False
        Local Rotation EulerXYZ: (-0.01848, -0.0784269, 0.949254) False
    Quality: 1.62646
    Markers (5):
      Marker #0: ZED1 (259.679, 2456.9, 804.03) False
      Marker #1: ZED2 (308.799, 2491.6, 840.79) False
      Marker #2: ZED3 (275.79, 2422.55, 841.837) False
      Marker #3: ZED4 (277.796, 2353.27, 841.583) False
      Marker #4: ZED5 (245.699, 2388.65, 803.994) False
    Unlabeled Markers (0):
  Devices (0):
Waiting for new frame...
Frame Number: 239931
Process Rate: 300Hz

Timecode: 0h 0m 0s 0f 0sf False 0 0 0

Latency: 0.0073059s
  Data Delivered 0.0058937s
  Data Synchronized 0.0002038s
  Data Processed 0.001097s
  Delivered To DataStream 0.0001114s

Hardware Frame Number: 240395
Subjects (1):
  Subject #0
    Name: ZED
    Root Segment: ZED
    Segments (1):
      Segment #0
        Name: ZED
        Parent: 
     Children (0):
        Static Translation: (0, 0, 0)
        Static Rotation Helical: (0, 0, 0)
        Static Rotation Matrix: (1, 0, 0, 0, 1, 0, 0, 0, 1)
        Static Rotation Quaternion: (0, 0, 0, 1)
        Static Rotation EulerXYZ: (-0, 0, -0)
        Global Translation: (273.565, 2422.53, 826.427) False
        Global Rotation Helical: (-0.0538495, -0.0631386, 0.948898) False
        Global Rotation Matrix: (0.580975, -0.810205, -0.0776895, 0.813356, 0.581479, 0.0183096, 0.0303403, -0.0738266, 0.996809) False
        Global Rotation Quaternion: (-0.0259184, -0.0303893, 0.456715, 0.888716) False
        Global Rotation EulerXYZ: (-0.0183661, -0.0777679, 0.948705) False
        Local Translation: (273.565, 2422.53, 826.427) False
        Local Rotation Helical: (-0.0538495, -0.0631386, 0.948898) False
        Local Rotation Matrix: (0.580975, -0.810205, -0.0776895, 0.813356, 0.581479, 0.0183096, 0.0303403, -0.0738266, 0.996809) False
        Local Rotation Quaternion: (-0.0259184, -0.0303893, 0.456715, 0.888716) False
        Local Rotation EulerXYZ: (-0.0183661, -0.0777679, 0.948705) False
    Quality: 1.58735
    Markers (5):
      Marker #0: ZED1 (259.696, 2456.85, 804.024) False
      Marker #1: ZED2 (308.859, 2491.52, 840.758) False
      Marker #2: ZED3 (275.812, 2422.48, 841.816) False
      Marker #3: ZED4 (277.78, 2353.2, 841.549) False
      Marker #4: ZED5 (245.678, 2388.61, 803.987) False
    Unlabeled Markers (0):
  Devices (0):
Waiting for new frame...
Frame Number: 239932
Process Rate: 300Hz

Timecode: 0h 0m 0s 0f 0sf False 0 0 0

Latency: 0.0074115s
  Data Delivered 0.0058405s
  Data Synchronized 0.0002016s
  Data Processed 0.0012098s
  Delivered To DataStream 0.0001596s

Hardware Frame Number: 240396
Subjects (1):
  Subject #0
    Name: ZED
    Root Segment: ZED
    Segments (1):
      Segment #0
        Name: ZED
        Parent: 
     Children (0):
        Static Translation: (0, 0, 0)
        Static Rotation Helical: (0, 0, 0)
        Static Rotation Matrix: (1, 0, 0, 0, 1, 0, 0, 0, 1)
        Static Rotation Quaternion: (0, 0, 0, 1)
        Static Rotation EulerXYZ: (-0, 0, -0)
        Global Translation: (273.549, 2422.46, 826.479) False
        Global Rotation Helical: (-0.0532712, -0.0626898, 0.949384) False
        Global Rotation Matrix: (0.580603, -0.810533, -0.0770541, 0.813627, 0.581109, 0.0179934, 0.0301926, -0.0731403, 0.996865) False
        Global Rotation Quaternion: (-0.0256391, -0.0301723, 0.456934, 0.888619) False
        Global Rotation EulerXYZ: (-0.0180481, -0.0771305, 0.949199) False
        Local Translation: (273.549, 2422.46, 826.479) False
        Local Rotation Helical: (-0.0532712, -0.0626898, 0.949384) False
        Local Rotation Matrix: (0.580603, -0.810533, -0.0770541, 0.813627, 0.581109, 0.0179934, 0.0301926, -0.0731403, 0.996865) False
        Local Rotation Quaternion: (-0.0256391, -0.0301723, 0.456934, 0.888619) False
        Local Rotation EulerXYZ: (-0.0180481, -0.0771305, 0.949199) False
    Quality: 1.68005
    Markers (5):
      Marker #0: ZED1 (259.649, 2456.78, 804.095) False
      Marker #1: ZED2 (308.819, 2491.46, 840.806) False
      Marker #2: ZED3 (275.806, 2422.41, 841.866) False
      Marker #3: ZED4 (277.807, 2353.14, 841.579) False
      Marker #4: ZED5 (245.664, 2388.53, 804.048) False
    Unlabeled Markers (0):
  Devices (0):
Waiting for new frame...
Frame Number: 239933
Process Rate: 300Hz

Timecode: 0h 0m 0s 0f 0sf False 0 0 0

Latency: 0.0076468s
  Data Delivered 0.0059326s
  Data Synchronized 0.0003287s
  Data Processed 0.0012551s
  Delivered To DataStream 0.0001304s

Hardware Frame Number: 240397
Subjects (1):
  Subject #0
    Name: ZED
    Root Segment: ZED
    Segments (1):
      Segment #0
        Name: ZED
        Parent: 
     Children (0):
        Static Translation: (0, 0, 0)
        Static Rotation Helical: (0, 0, 0)
        Static Rotation Matrix: (1, 0, 0, 0, 1, 0, 0, 0, 1)
        Static Rotation Quaternion: (0, 0, 0, 1)
        Static Rotation EulerXYZ: (-0, 0, -0)
        Global Translation: (273.561, 2422.54, 826.44) False
        Global Rotation Helical: (-0.0539168, -0.0630997, 0.948734) False
        Global Rotation Matrix: (0.581111, -0.810108, -0.0776854, 0.813261, 0.581609, 0.0183909, 0.0302839, -0.0738656, 0.996808) False
        Global Rotation Quaternion: (-0.0259511, -0.030371, 0.456642, 0.888753) False
        Global Rotation EulerXYZ: (-0.0184477, -0.0777637, 0.948537) False
        Local Translation: (273.561, 2422.54, 826.44) False
        Local Rotation Helical: (-0.0539168, -0.0630997, 0.948734) False
        Local Rotation Matrix: (0.581111, -0.810108, -0.0776854, 0.813261, 0.581609, 0.0183909, 0.0302839, -0.0738656, 0.996808) False
        Local Rotation Quaternion: (-0.0259511, -0.030371, 0.456642, 0.888753) False
        Local Rotation EulerXYZ: (-0.0184477, -0.0777637, 0.948537) False
    Quality: 1.78844
    Markers (5):
      Marker #0: ZED1 (259.697, 2456.86, 804.035) False
      Marker #1: ZED2 (308.866, 2491.52, 840.766) False
      Marker #2: ZED3 (275.808, 2422.49, 841.829) False
      Marker #3: ZED4 (277.764, 2353.22, 841.567) False
      Marker #4: ZED5 (245.667, 2388.62, 804.003) False
    Unlabeled Markers (0):
  Devices (0):
Waiting for new frame...
Frame Number: 239934
Process Rate: 300Hz

Timecode: 0h 0m 0s 0f 0sf False 0 0 0

Latency: 0.0075002s
  Data Delivered 0.0058892s
  Data Synchronized 0.000314s
  Data Processed 0.0011598s
  Delivered To DataStream 0.0001372s

Hardware Frame Number: 240398
Subjects (1):
  Subject #0
    Name: ZED
    Root Segment: ZED
    Segments (1):
      Segment #0
        Name: ZED
        Parent: 
     Children (0):
        Static Translation: (0, 0, 0)
        Static Rotation Helical: (0, 0, 0)
        Static Rotation Matrix: (1, 0, 0, 0, 1, 0, 0, 0, 1)
        Static Rotation Quaternion: (0, 0, 0, 1)
        Static Rotation EulerXYZ: (-0, 0, -0)
        Global Translation: (273.569, 2422.62, 826.441) False
        Global Rotation Helical: (-0.0539759, -0.063717, 0.949281) False
        Global Rotation Matrix: (0.580633, -0.810397, -0.07824, 0.813584, 0.581164, 0.0181474, 0.0307637, -0.0741918, 0.996769) False
        Global Rotation Quaternion: (-0.0259783, -0.0306666, 0.456884, 0.888618) False
        Global Rotation EulerXYZ: (-0.0182042, -0.0783201, 0.949096) False
        Local Translation: (273.569, 2422.62, 826.441) False
        Local Rotation Helical: (-0.0539759, -0.063717, 0.949281) False
        Local Rotation Matrix: (0.580633, -0.810397, -0.07824, 0.813584, 0.581164, 0.0181474, 0.0307637, -0.0741918, 0.996769) False
        Local Rotation Quaternion: (-0.0259783, -0.0306666, 0.456884, 0.888618) False
        Local Rotation EulerXYZ: (-0.0182042, -0.0783201, 0.949096) False
    Quality: 1.62515
    Markers (5):
      Marker #0: ZED1 (259.699, 2456.93, 804.036) False
      Marker #1: ZED2 (308.828, 2491.62, 840.8) False
      Marker #2: ZED3 (275.808, 2422.57, 841.832) False
      Marker #3: ZED4 (277.803, 2353.3, 841.557) False
      Marker #4: ZED5 (245.708, 2388.69, 803.982) False
    Unlabeled Markers (0):
  Devices (0):
Waiting for new frame...
Frame Number: 239935
Process Rate: 300Hz

Timecode: 0h 0m 0s 0f 0sf False 0 0 0

Latency: 0.0070705s
  Data Delivered 0.0056959s
  Data Synchronized 0.0002111s
  Data Processed 0.0010499s
  Delivered To DataStream 0.0001136s

Hardware Frame Number: 240399
Subjects (1):
  Subject #0
    Name: ZED
    Root Segment: ZED
    Segments (1):
      Segment #0
        Name: ZED
        Parent: 
     Children (0):
        Static Translation: (0, 0, 0)
        Static Rotation Helical: (0, 0, 0)
        Static Rotation Matrix: (1, 0, 0, 0, 1, 0, 0, 0, 1)
        Static Rotation Quaternion: (0, 0, 0, 1)
        Static Rotation EulerXYZ: (-0, 0, -0)
        Global Translation: (273.536, 2422.43, 826.505) False
        Global Rotation Helical: (-0.0533301, -0.0619296, 0.949367) False
        Global Rotation Matrix: (0.580657, -0.810553, -0.0764307, 0.813613, 0.581116, 0.0183793, 0.0295177, -0.0728571, 0.996905) False
        Global Rotation Quaternion: (-0.0256676, -0.0298065, 0.456928, 0.888634) False
        Global Rotation EulerXYZ: (-0.0184343, -0.0765053, 0.949167) False
        Local Translation: (273.536, 2422.43, 826.505) False
        Local Rotation Helical: (-0.0533301, -0.0619296, 0.949367) False
        Local Rotation Matrix: (0.580657, -0.810553, -0.0764307, 0.813613, 0.581116, 0.0183793, 0.0295177, -0.0728571, 0.996905) False
        Local Rotation Quaternion: (-0.0256676, -0.0298065, 0.456928, 0.888634) False
        Local Rotation EulerXYZ: (-0.0184343, -0.0765053, 0.949167) False
    Quality: 1.72975
    Markers (5):
      Marker #0: ZED1 (259.624, 2456.74, 804.117) False
      Marker #1: ZED2 (308.818, 2491.43, 840.784) False
      Marker #2: ZED3 (275.803, 2422.38, 841.891) False
      Marker #3: ZED4 (277.801, 2353.11, 841.629) False
      Marker #4: ZED5 (245.635, 2388.49, 804.104) False
    Unlabeled Markers (0):
  Devices (0):
Waiting for new frame...
Frame Number: 239936
Process Rate: 300Hz

Timecode: 0h 0m 0s 0f 0sf False 0 0 0

Latency: 0.0071954s
  Data Delivered 0.0058357s
  Data Synchronized 0.0002043s
  Data Processed 0.0010525s
  Delivered To DataStream 0.0001029s

Hardware Frame Number: 240400
Subjects (1):
  Subject #0
    Name: ZED
    Root Segment: ZED
    Segments (1):
      Segment #0
        Name: ZED
        Parent: 
     Children (0):
        Static Translation: (0, 0, 0)
        Static Rotation Helical: (0, 0, 0)
        Static Rotation Matrix: (1, 0, 0, 0, 1, 0, 0, 0, 1)
        Static Rotation Quaternion: (0, 0, 0, 1)
        Static Rotation EulerXYZ: (-0, 0, -0)
        Global Translation: (273.548, 2422.55, 826.472) False
        Global Rotation Helical: (-0.0543111, -0.0638545, 0.949128) False
        Global Rotation Matrix: (0.580751, -0.810287, -0.078504, 0.813501, 0.581273, 0.0183795, 0.0307396, -0.074537, 0.996744) False
        Global Rotation Quaternion: (-0.0261399, -0.0307332, 0.456815, 0.888646) False
        Global Rotation EulerXYZ: (-0.0184374, -0.0785849, 0.948935) False
        Local Translation: (273.548, 2422.55, 826.472) False
        Local Rotation Helical: (-0.0543111, -0.0638545, 0.949128) False
        Local Rotation Matrix: (0.580751, -0.810287, -0.078504, 0.813501, 0.581273, 0.0183795, 0.0307396, -0.074537, 0.996744) False
        Local Rotation Quaternion: (-0.0261399, -0.0307332, 0.456815, 0.888646) False
        Local Rotation EulerXYZ: (-0.0184374, -0.0785849, 0.948935) False
    Quality: 1.60689
    Markers (5):
      Marker #0: ZED1 (259.689, 2456.86, 804.055) False
      Marker #1: ZED2 (308.814, 2491.55, 840.825) False
      Marker #2: ZED3 (275.783, 2422.5, 841.863) False
